93.18
87.40
69.95
61.84
77.81
37.40
85.75
85.67
85.34
94.52
94.89
86.15
88.03
92.44
93.18
87.40
69.95
61.84
77.81
37.40
85.75
85.67
85.34
94.52
94.89
86.15
88.03
92.44
93.18
87.40
69.95
61.84
77.81
37.40
85.75
85.67
85.34
94.52
94.89
86.15
88.03
92.44
93.18
87.40
69.95
61.84
77.81
37.40
85.75
85.67
85.34
94.52
94.89
86.15
88.03
92.44
93.18
87.40
69.95
61.84
77.81
37.40
85.75
85.67
85.34
94.52
94.89
86.15
88.03
92.44
15.06
24.67
39.94
50.99
33.25
37.59
40.80
29.55
45.03
25.89
54.29
67.87
48.12
49.82
65.96
38.01
16.00
42.42
65.25
56.30
36.94
45.44
40.50
58.74
62.72
1.90
18.55
34.81
89.17
84.77
89.66
