59.67
54.64
54.76
49.62
47.11
49.89
51.84
58.93
51.51
53.63
48.98
47.29
47.68
54.37
63.68
68.45
60.47
60.82
61.20
62.58
64.41
63.23
62.49
64.63
67.00
67.28
69.12
68.70
69.42
70.22
68.80
66.81
64.78
63.14
64.23
63.99
64.50
62.71
64.87
67.31
64.98
65.93
64.02
62.60
64.84
64.35
64.24
66.21
64.28
62.05
62.42
60.41
61.51
60.46
61.89
63.78
66.30
67.96
68.76
67.26
65.83
66.42
64.19
63.83
65.06
63.00
60.90
59.78
60.07
61.90
64.05
65.47
66.15
65.36
64.60
67.19
67.22
65.92
68.36
69.94
70.32
71.83
73.72
72.20
72.88
73.77
76.25
75.90
74.69
72.74
74.49
72.44
71.58
71.45
72.68
72.01
71.63
75.60
77.53
78.44