0.279
0.245
0.217
0.198
0.186
0.173
0.165
0.157
0.151
0.146
0.142
0.139
0.137
0.134
0.133
0.135
0.133
0.132
0.130
0.131
0.130
0.129
0.131
0.132
0.130
0.125
0.127
0.124
0.120
0.118
0.115
0.111
0.112
0.112
0.110
0.097
0.111
0.098
0.099
0.097
0.096
0.096
0.096
0.095
0.095
0.096
0.095
0.095
0.094
0.093
0.092
0.093
0.092
0.092
0.093
0.093
0.092
0.092
0.091
0.089
0.088
0.088
0.087
0.086
0.085
0.085
0.084
0.083
0.083
0.082
0.083
0.084
0.083
0.082
0.083
0.082
0.082
0.081
0.082
0.083
0.082
0.081
0.081
0.082
0.081
0.080
0.080
0.079
0.080
0.079
0.078
0.079
0.078
0.077
0.076
0.077
0.076
0.075
0.073
0.074