29.67
34.64
34.76
39.62
27.11
39.89
41.84
48.93
51.51
43.63
48.98
57.29
61.23
67.68
69.32
59.82
58.05
60.26
63.43
66.65
63.68
60.17
56.26
53.64
55.66
60.47
60.65
63.15
65.75
64.08
66.89
71.58
70.46
70.55
69.89
66.55
70.46
65.49
67.82
70.39
66.43
71.35
69.14
64.52
64.80
63.33
62.11
66.03
67.58
64.36
62.41
60.29
63.48
62.97
63.83
68.23
64.51
68.16
69.01
67.66
64.66
65.41
62.56
59.56
63.06
59.87
57.10
55.55
53.85
56.33
57.87
62.39
58.03
55.63
54.96
59.03
61.45
62.91
62.39
67.34
70.50
65.79
68.30
64.65
64.24
66.49
64.15
65.01
69.94
68.63
62.91
68.06
71.47
69.89
70.32
70.88
66.37
62.73
60.38
70.13